# timecode format v2
0.000
16.650
33.308
49.957
66.604
83.255
99.907
116.559
133.210
149.864
166.513
183.169
216.468
233.119
249.771
266.423
283.077
299.730
316.379
333.029
349.681
366.332
382.983
399.635
416.286
432.938
449.590
466.242
482.893
499.545
516.196
532.848
549.503
566.151
582.805
599.455
616.106
632.757
649.411
666.060
682.712
699.363
716.016
732.667
749.318
765.970
782.623
799.273
815.926
832.576
849.228
865.879
882.535
899.186
915.834
932.487
949.143
965.786
982.441
999.092
1015.751
1032.397
1049.054
1065.699
1082.350
1099.003
1115.654
1132.305
1148.957
1165.614
1182.262
1198.912
1215.563
1232.217
1248.870
1265.531
1282.171
1298.823
1315.480
1332.126
1348.780
1365.427
1382.080
1398.732
1415.382
1432.039
1448.685
1465.337
1481.989
1498.642
1515.291
1531.951
1548.597
1565.246
1581.898
1598.550
1615.201
1631.854
1648.507
1665.158
1681.809
1698.459
1715.116
1731.764
1748.421
1765.066
1781.718
1798.371
1815.022
1831.672
1848.331
1864.976
1881.627
1898.279
1914.931
1931.587
1948.234
1964.886
1981.537
1998.189
2014.840
2031.492
2048.143
2064.795
2081.446
2098.098
2114.750
2131.402
2148.055
2164.705
2181.356
2198.008
2214.659
2231.311
2247.963
2264.615
2281.266
2297.918
2314.568
2331.220
2347.874
2364.527
2381.175
2397.826
2414.479
2431.130
2447.781
2464.434
2481.093
2497.737
2514.388
2531.040
2547.693
2564.342
2580.994
2597.651
2614.297
2630.956
2647.604
2664.251
2680.904
2697.557
2714.208
2730.859
2747.514
2764.162
2780.814
2797.466
2814.117
2830.768
2847.422
2864.071
2880.726
2897.375
2930.679
2947.330
2963.984
2997.284
3013.938
3030.588
3047.247
3063.891
3080.546
3097.194
3130.508
3147.149
3163.801
3180.452
3197.105
3213.755
3230.407
3247.058
3263.712
3280.362
3297.016
3313.665
3330.317
3346.969
3363.619
3380.272
3396.924
3413.576
3430.227
3446.882
3463.529
3480.183
3496.834
3513.491
3530.137
3546.788
3563.439
3580.093
3613.393
3630.046
3646.697
3663.350
3680.000
3696.652
3713.304
3729.956
3746.607
3763.259
3779.911
3796.561
3813.213
3829.864
3846.520
3863.168
3879.820
3896.471
3913.125
3929.776
3946.424
3963.075
3979.729
3996.379
4013.030
4029.682
4046.334
4062.985
4079.636
4096.288
4112.940
4129.591
4146.246
4162.898
4179.549
4196.205
4212.852
4229.515
4246.153
4262.804
4279.459
4296.107
4312.759
4329.410
4346.062
4362.713
4379.366
4396.020
4412.669
4429.325
4445.972
4462.623
4479.278
4495.926
4512.579
4529.237
4545.881
4562.539
4579.184
4595.837
4612.488
4629.139
4645.791
4662.443
4679.094
4695.746
4712.397
4729.049
4745.700
4762.352
4779.005
4795.655
4812.312
4828.958
4845.611
4862.261
4878.913
4895.564
4912.221
4928.869
4945.520
4962.171
4978.824
4995.476
5012.128
5028.785
5045.431
5062.081
5078.733
5095.384
5112.035
5128.687
5145.339
5161.990
5178.643
5195.295
5211.949
5228.597
5245.250
5261.902
5278.551
5295.203
5311.855
5328.506
5345.159
5361.810
5378.471
5395.113
5411.764
5428.416
5445.072
5461.719
5478.375
5495.022
5511.675
5528.325
5544.977
5561.629
5578.285
5594.937
5611.591
5628.237
5644.888
5661.539
5678.193
5694.842
5711.497
5728.146
5744.797
5761.450
5778.105
5794.753
5811.405
5828.055
5844.710
5861.359
5878.012
5894.661
5911.314
5927.968
5944.618
5961.273
5977.922
5994.573
6011.223
6027.876
6044.525
6061.178
6077.829
6094.481
6111.133
6127.785
6144.438
6161.089
6177.745
6194.392
6211.043
6227.693
6244.345
6260.999
6277.648
6294.300
6310.952
6327.603
6344.256
6360.907
6377.558
6410.861
6427.512
6444.164
6460.815
6477.470
6494.118
6510.770
6527.421
6544.073
6560.724
6577.376
6594.029
6610.679
6627.331
6643.982
6660.634
6677.285
6693.937
6710.589
6727.242
6743.892
6760.543
6777.196
6793.850
6810.503
6827.153
6843.801
6860.453
6877.105
6893.756
6910.409
6927.059
6943.711
6960.365
6977.017
6993.675
7010.322
7026.971
7043.626
7060.276
7076.939
7093.577
7110.230
7126.880
7143.534
7160.183
7176.842
7193.499
7210.139
7226.792
7243.442
7260.095
7276.745
7293.396
7310.048
7326.698
7343.352
7360.001
7376.656
7393.304
7409.956
7426.607
7443.259
7459.910
7476.562
7493.214
7509.866
7526.517
7543.169
7559.820
7576.473
7593.124
7609.781
7626.433
7643.079
7659.731
7676.383
7693.035
7709.696
7726.338
7742.995
7759.641
7776.293
7792.949
7809.595
7826.249
7842.898
7859.557
7876.201
7892.853
7909.504
7926.155
7942.807
7959.458
7976.112
7992.762
8009.415
8026.066
8042.717
8059.376
8076.019
8092.671
8109.323
8125.975
8142.626
8159.278
8175.931
8192.581
8209.233
8225.884
8242.537
8259.188
8275.843
8292.490
8309.149
8325.794
8342.447
8359.098
8375.753
8392.402
8409.056
8425.704
8442.356
8459.008
8475.661
8492.313
8508.962
8525.617
8542.266
8558.923
8575.572
8608.875
8625.526
8642.175
8658.827
8675.478
8692.129
8708.781
8725.432
8742.083
8758.735
8775.388
8792.038
8808.691
8825.342
8841.994
8858.645
8875.299
8891.959
8908.602
8925.255
8941.905
8958.558
8975.208
8991.858
9008.511
9025.162
9041.814
9058.465
9075.117
9091.768
9108.422
9125.071
9141.724
9158.375
9175.028
9191.677
9208.331
9224.981
9241.634
9258.284
9274.936
9291.588
9308.240
9324.891
9341.542
9358.199
9374.845
9391.499
9408.148
9424.802
9441.451
9458.104
9474.756
9491.408
9508.058
9524.710
9541.362
9558.013
9574.664
9591.317
9607.971
9624.618
9641.276
9657.923
9674.591
9691.226
9707.883
9724.531
9741.184
9757.833
9774.485
9791.137
9807.789
9824.441
9841.091
9857.746
9874.395
9891.055
9907.699
9924.349
9941.001
9957.652
9974.304
9990.955
10007.608
10024.259
10040.909
10057.565
10074.213
10090.869
10107.516
10124.169
10140.820
10157.470
10174.121
10190.773
10207.424
10224.076
10240.729
10257.381
10274.034
10290.685
10307.339
10323.988
10340.644
10357.293
10373.954
10390.594
10407.245
10423.897
10440.551
10457.200
10473.852
10490.503
10507.153
10523.806
10540.459
10557.109
10573.761
10590.412
10607.066
10623.719
10640.370
10657.020
10673.672
10690.323
10706.975
10723.627
10740.279
10756.930
10773.582
10790.234
10806.888
10823.536
10840.193
10856.838
10873.492
10890.142
10906.796
10923.445
10940.098
10956.748
10973.402
10990.051
11006.703
11023.356
11040.007
11056.659
11073.311
11089.964
11106.612
11123.276
11139.915
11156.567
11173.218
11189.870
11206.521
11223.175
11239.825
11256.477
11273.127
11289.781
11306.433
11323.082
11339.739
11356.386
11373.038
11389.689
11406.342
11422.992
11439.645
11456.295
11472.949
11489.599
11506.249
11522.902
11539.554
11556.205
11572.857
11589.512
11606.163
11622.814
11639.463
11656.116
11672.765
11756.023
11772.676
11789.328
11805.979
11822.631
11839.285
11855.933
11872.585
11889.236
11905.888
11922.540
11939.191
11955.843
11972.494
11989.146
12005.797
12022.449
12039.101
12055.754
12072.405
12089.058
12105.707
12122.360
12139.010
12155.663
12172.313
12188.966
12205.616
12322.178
12338.830
12355.481
12372.134
12388.784
12405.436
12422.087
12438.739
12455.390
12472.043
12488.694
12505.345
12521.997
12538.649
12555.300
12571.952
12588.606
12605.256
12621.908
12638.558
12655.211
12671.861
12688.513
12705.165
12721.818
12738.468
12755.120
12771.771
12788.423
12805.077
12821.726
12838.381
12855.029
12871.686
12888.336
12904.986
12938.287
12954.938
12971.593
12988.242
13004.893
13021.545
13038.197
13054.848
13071.501
13088.155
13104.803
13121.455
13138.107
13154.764
13171.410
13188.061
13204.713
13221.365
13238.016
13254.668
13271.319
13287.971
13304.623
13321.274
13337.930
13354.580
13371.234
13387.883
13404.537
13421.184
13437.836
13454.487
13471.140
13487.790
13504.443
13521.093
13537.745
13554.396
13571.048
13587.700
13604.351
13621.007
13637.655
13654.307
13670.959
13687.610
13704.261
13720.913
13737.564
13754.216
13770.867
13787.519
13804.171
13820.822
13837.474
13854.125
13870.777
13887.429
13904.083
13920.735
13937.387
13954.035
13970.697
13987.338
14003.990
14020.641
14037.296
14053.946
14070.597
14087.249
14103.901
14120.556
14137.204
14153.863
14170.507
14187.157
14203.809
14220.461
14237.112
14253.764
14270.415
14287.067
14303.718
14320.370
14337.023
14353.674
14370.328
14386.976
14403.628
14420.280
14436.934
14453.583
14470.237
14486.886
14503.538
14520.190
14536.841
14553.493
14570.144
14586.801
14603.449
14620.100
14636.751
14653.402
14670.054
14686.706
14703.357
14720.009
14736.660
14753.312
14769.964
14786.615
14803.267
14819.920
14836.573
14853.222
14869.874
14886.525
14903.181
14919.828
14936.480
14953.131
14969.784
14986.435
15003.086
15019.738
15036.389
15053.043
15069.692
15086.361
15102.995
15119.647
15136.299
15152.950
15169.602
15186.254
15202.906
15219.557
15236.208
15252.860
15269.522
15286.163
15302.832
15319.466
15336.124
15352.769
15369.422
15386.073
15402.725
15419.376
15436.028
15452.682
15469.332
15485.987
15502.635
15519.291
15535.939
15552.593
15569.242
15585.894
15602.545
15619.197
15635.848
15652.501
15669.152
15685.812
15702.457
15719.108
15735.759
15752.411
15769.062
15785.715
15802.365
15819.017
15835.669
15852.320
15868.970
15885.631
15902.276
15918.925
15952.228
15968.879
15985.532
16002.182
16018.834
16035.485
16052.138
16068.789
16085.441
16102.092
16118.744
16135.401
16152.049
16168.699
16185.360
16202.002
16218.656
16235.305
16251.956
16268.608
16285.259
16301.911
16318.563
16335.218
16351.867
16368.518
16385.169
16401.821
16418.472
16435.125
16451.775
16468.428
16485.079
16501.730
16518.382
16535.034
16551.685
16568.337
16584.988
16601.642
16618.292
16634.943
16651.597
16668.247
16684.899
16701.551
16718.202
16734.855
16751.505
16784.808
16801.463
16818.115
16834.763
16868.068
16884.718
16901.373
16918.020
16934.672
16951.324
16967.976
16984.630
17001.279
17017.935
17034.583
17051.238
17067.888
17084.546
17101.189
17117.847
17134.493
17151.145
17167.797
17184.452
17201.102
17217.752
17234.404
17251.055
17267.707
17284.359
17301.010
17317.662
17334.314
17350.964
17367.618
17384.268
17400.923
17417.570
17434.225
17450.874
17467.524
17500.827
17517.478
17534.130
17550.782
17567.434
17584.085
17600.736
17617.389
17634.040
17650.693
17667.343
17683.998
17700.649
17717.300
17733.954
17750.601
17767.257
17783.904
17800.557
17817.207
17833.862
17850.511
17867.162
17883.814
17900.466
17933.769
17950.422
17967.072
17983.726
18000.375
18017.033
18033.681
